000000000021036010417064900100100
000000000006064010417090900100100
000000000013443010417092100100100
000000000020720010417093400100100
000000000008197010417095600100100
000000000021037010417114600100100
000000000006064010417121400100100
000000000022348010417125700100100
000000000021036010417130100100100
000000000020720010417144500100100
000000000021037010417174600100100
000000000009071030417063100100100
000000000020064030417065000100100
000000000014151030417065400100100
000000000009195030417065600100100
000000000013064030417065700100100
000000000090071030417070300100100
000000000096049030417071000100100
000000000020065030417072000100100
000000000090106030417073200100100
000000000090082030417073700100100
000000000007077030417073700100100
000000000009013030417074100100100
000000000090014030417074400100100
000000000004023030417075000100100
000000000021542030417080300100100
000000000090058030417080400100100
000000000090078030417080800100100
000000000011356030417081400100100
000000000006014030417082200100100
000000000021203030417083100100100
000000000008197030417083600100100
000000000020720030417084000100100
000000000008260030417084200100100
000000000090026030417084200100100
000000000091046030417084200100100
000000000090144030417084700100100
000000000090185030417085100100100
000000000008092030417085400100100
000000000009015030417090700100100
000000000006063030417094000100100
000000000022468030417095200100100
000000000009086030417095300100100
000000000013404030417101100100100
000000000013443030417102400100100
000000000010003030417105800100100
000000000021036030417115300100100
000000000090091030417121900100100
000000000020064030417125300100100
000000000014151030417125300100100
000000000010019030417125600100100
000000000009195030417130000100100
000000000006042030417130100100100
000000000013064030417130500100100
000000000014152030417131500100100
000000000008197030417131700100100
000000000009013030417131700100100
000000000011399030417131700100100
000000000090106030417133100100100
000000000009014030417133200100100
000000000091053030417134800100100
000000000090014030417135000100100
000000000013613030417135100100100
000000000021542030417135400100100
000000000014601030417140100100100
000000000090034030417140200100100
000000000090078030417140800100100
000000000009071030417141600100100
000000000090010030417141800100100
000000000011356030417142100100100
000000000096007030417143000100100
000000000006064030417143300100100
000000000090082030417144500100100
000000000090185030417144700100100
000000000020720030417144800100100
000000000093019030417145200100100
000000000090144030417145800100100
000000000022348030417152200100100
000000000008071030417152700100100
000000000009015030417152700100100
000000000006084030417153400100100
000000000013108030417153400100100
000000000008092030417153500100100
000000000008092030417153500100100
000000000009086030417154900100100
000000000021224030417155500100100
000000000006014030417155700100100
000000000013404030417160300100100
000000000010208030417165200100100
000000000020883030417170000100100
000000000008187030417170200100100
000000000020275030417170300100100
000000000090091030417171200100100
000000000014426030417171400100100
000000000013065030417171700100100
000000000006063030417173300100100
000000000021036030417180900100100
000000000020660030417185000100100
000000000006042030417185100100100
000000000011399030417190500100100
000000000090010030417191600100100
000000000014152030417191800100100
000000000010019030417192600100100
000000000009014030417193300100100
000000000091053030417195000100100
000000000013613030417195100100100
000000000090034030417200100100100
000000000014601030417201100100100
000000000006064030417204200100100
000000000093019030417205200100100
000000000006084030417213300100100
000000000013108030417213300100100
000000000008071030417213400100100
000000000020883030417221500100100
000000000014426030417230400100100
000000000010208030417230400100100
000000000013065030417231800100100
000000000022357040417062900100100
000000000009071040417063400100100
000000000002000040417063800100100
000000000090010040417064600100100
000000000020064040417064700100100
000000000014151040417065900100100
000000000009013040417065900100100
000000000090071040417070000100100
000000000009195040417070000100100
000000000013064040417070400100100
000000000021224040417070900100100
000000000090106040417071400100100
000000000007077040417073900100100
000000000021542040417074600100100
000000000022343040417074600100100
000000000008197040417075100100100
000000000008187040417075800100100
000000000090078040417080000100100
000000000004023040417080000100100
000000000090082040417080100100100
000000000090014040417080800100100
000000000011356040417081200100100
000000000021203040417082100100100
000000000090026040417083200100100
000000000008260040417083200100100
000000000020720040417083200100100
000000000006014040417083300100100
000000000089034040417083800100100
000000000009015040417085000100100
000000000090144040417090700100100
000000000008092040417090800100100
000000000013404040417091100100100
000000000090058040417092000100100
000000000091046040417095600100100
000000000091046040417095600100100
000000000006042040417101000100100
000000000013443040417101900100100
000000000013690040417110000100100
000000000010003040417110900100100
000000000090091040417112100100100
000000000021036040417120300100100
000000000021036040417120300100100
000000000090034040417121700100100
000000000010019040417122400100100
000000000011399040417124200100100
000000000009013040417125500100100
000000000020064040417125600100100
000000000006064040417125900100100
000000000020720040417125900100100
000000000002000040417130000100100
000000000014151040417130200100100
000000000009086040417130500100100
000000000009195040417130600100100
000000000014152040417130700100100
000000000013064040417131500100100
000000000090106040417132000100100
000000000009071040417132400100100
000000000008197040417132400100100
000000000013613040417134500100100
000000000090185040417134500100100
000000000091053040417134700100100
000000000021542040417135700100100
000000000090078040417140000100100
000000000096007040417140300100100
000000000011356040417141400100100
000000000006042040417141800100100
000000000090014040417142300100100
000000000014601040417142400100100
000000000009014040417143000100100
000000000009015040417145500100100
000000000093019040417150300100100
000000000090144040417151000100100
000000000008071040417152000100100
000000000013108040417152900100100
000000000090082040417153100100100
000000000090082040417153100100100
000000000022348040417153500100100
000000000013404040417154100100100
000000000008092040417161000100100
000000000008092040417161000100100
000000000020065040417161100100100
000000000020883040417162300100100
000000000010208040417163200100100
000000000090091040417165500100100
000000000013065040417165600100100
000000000006084040417165700100100
000000000013690040417165800100100
000000000014426040417171800100100
000000000006014040417171900100100
000000000021036040417180800100100
000000000021036040417180800100100
000000000021036040417180800100100
000000000020661040417183000100100
000000000006064040417190700100100
000000000014152040417191000100100
000000000090010040417192400100100
000000000090185040417194500100100
000000000091053040417194600100100
000000000013613040417195800100100
000000000010019040417200400100100
000000000090034040417200400100100
000000000009086040417201600100100
000000000009086040417201600100100
000000000014601040417201600100100
000000000009014040417203700100100
000000000020275040417210400100100
000000000093019040417213100100100
000000000008071040417213100100100
000000000006084040417213700100100
000000000020883040417221500100100
000000000014426040417230000100100
000000000013065040417230000100100
000000000010208040417230800100100
000000000022357050417063000100100
000000000009071050417063200100100
000000000020064050417064400100100
000000000009013050417065300100100
000000000090014050417065300100100
000000000014151050417065600100100
000000000013064050417065800100100
000000000013519050417065900100100
000000000009195050417070400100100
000000000090071050417070400100100
000000000008092050417071500100100
000000000090106050417072600100100
000000000011356050417073200100100
000000000007077050417073700100100
000000000010019050417074200100100
000000000004023050417080100100100
000000000090078050417080200100100
000000000021203050417081100100100
000000000090082050417081800100100
000000000090082050417081800100100
000000000096007050417083200100100
000000000090058050417083800100100
000000000090185050417084800100100
000000000090010050417085300100100
000000000009015050417085800100100
000000000090144050417090100100100
000000000020720050417090600100100
000000000009086050417091800100100
000000000008187050417092100100100
000000000009086050417092300100100
000000000091046050417093000100100
000000000013404050417103600100100
000000000013443050417104300100100
000000000010003050417105400100100
000000000008260050417110000100100
000000000008198050417110900100100
000000000090014050417120000100100
000000000090091050417120200100100
000000000021036050417120400100100
000000000089034050417121300100100
000000000020064050417124700100100
000000000011399050417124800100100
000000000009013050417124800100100
000000000014151050417130000100100
000000000014152050417130400100100
000000000009195050417130500100100
000000000013064050417130700100100
000000000090106050417130800100100
000000000006042050417130800100100
000000000021542050417130900100100
000000000013613050417134200100100
000000000084025050417135800100100
000000000008071050417140000100100
000000000008092050417140000100100
000000000011356050417140000100100
000000000091053050417140600100100
000000000090078050417142200100100
000000000090082050417142300100100
000000000090034050417142600100100
000000000013690050417142800100100
000000000090026050417143100100100
000000000009014050417143900100100
000000000090185050417144500100100
000000000093019050417144800100100
000000000009015050417145300100100
000000000020720050417150100100100
000000000090144050417150100100100
000000000009086050417152300100100
000000000013108050417152600100100
000000000013108050417152600100100
000000000006084050417153000100100
000000000010019050417160000100100
000000000013404050417161800100100
000000000009071050417161900100100
000000000020883050417162100100100
000000000021224050417162600100100
000000000090091050417164400100100
000000000090091050417164400100100
000000000008198050417164800100100
000000000013065050417165900100100
000000000096049050417170200100100
000000000020065050417170300100100
000000000021317050417170700100100
000000000010208050417172900100100
000000000021036050417180300100100
000000000006042050417183400100100
000000000021542050417183800100100
000000000020275050417185000100100
000000000014601050417185400100100
000000000011399050417185500100100
000000000014152050417190800100100
000000000090010050417191700100100
000000000022433050417193100100100
000000000091053050417195200100100
000000000013613050417195300100100
000000000090034050417200600100100
000000000013690050417203100100100
000000000009014050417204600100100
000000000093019050417204700100100
000000000084025050417211200100100
000000000022343050417211800100100
000000000008071050417213000100100
000000000013108050417213400100100
000000000006084050417214500100100
000000000020883050417225700100100
000000000013065050417230100100100
000000000010208050417230400100100
000000000009071060417063400100100
000000000020064060417064100100100
000000000090014060417064100100100
000000000013064060417065800100100
000000000013064060417065900100100
000000000009195060417065900100100
000000000002000060417070500100100
000000000014151060417070700100100
000000000090106060417071300100100
000000000090071060417072700100100
000000000007077060417073800100100
000000000011356060417075100100100
000000000004023060417075600100100
000000000090082060417075900100100
000000000021542060417080800100100
000000000090078060417081200100100
000000000008197060417081200100100
000000000090144060417081600100100
000000000021203060417083000100100
000000000096007060417084400100100
000000000089034060417084900100100
000000000009015060417090300100100
000000000008092060417090600100100
000000000008092060417090600100100
000000000091046060417090700100100
000000000021317060417091200100100
000000000091035060417091900100100
000000000090010060417092500100100
000000000013404060417093600100100
000000000090026060417094400100100
000000000008260060417094400100100
000000000090058060417101900100100
000000000013443060417102800100100
000000000010003060417104300100100
000000000090091060417110400100100
000000000090034060417110800100100
000000000008198060417111200100100
000000000021036060417115700100100
000000000011399060417124500100100
000000000006042060417124500100100
000000000093019060417124900100100
000000000090014060417125500100100
000000000014152060417125900100100
000000000002000060417130000100100
000000000090106060417130100100100
000000000009195060417130300100100
000000000013064060417130500100100
000000000020064060417130800100100
000000000014151060417131200100100
000000000011356060417133100100100
000000000008197060417133700100100
000000000009086060417133900100100
000000000006063060417134300100100
000000000013690060417134500100100
000000000013613060417134700100100
000000000021542060417135800100100
000000000014601060417140600100100
000000000090144060417142000100100
000000000091053060417142200100100
000000000090185060417142300100100
000000000090078060417143400100100
000000000084025060417144300100100
000000000009071060417144700100100
000000000009015060417144800100100
000000000090082060417150800100100
000000000008092060417151300100100
000000000009014060417151400100100
000000000008071060417151700100100
000000000006084060417153200100100
000000000013108060417153200100100
000000000091035060417153900100100
000000000013404060417154800100100
000000000010208060417155600100100
000000000010208060417155700100100
000000000010019060417161300100100
000000000020065060417163000100100
000000000008198060417163200100100
000000000020883060417163600100100
000000000090091060417165300100100
000000000008187060417165700100100
000000000013065060417170200100100
000000000014426060417171300100100
000000000022468060417172700100100
000000000013519060417180400100100
000000000021036060417180500100100
000000000014152060417182500100100
000000000006042060417183300100100
000000000011399060417190200100100
000000000022433060417190700100100
000000000022433060417190700100100
000000000090010060417191800100100
000000000090010060417191800100100
000000000006063060417193400100100
000000000009086060417193800100100
000000000090185060417194800100100
000000000091053060417194800100100
000000000013690060417194900100100
000000000013613060417194900100100
000000000093019060417195000100100
000000000014601060417202700100100
000000000020660060417204200100100
000000000084025060417210900100100
000000000010019060417212300100100
000000000008071060417213300100100
000000000009014060417213400100100
000000000013108060417213500100100
000000000006084060417214000100100
000000000020275060417220000100100
000000000090034060417221600100100
000000000022343060417223300100100
000000000020883060417225700100100
000000000014426060417230000100100
000000000013065060417230000100100
000000000010208060417230700100100
000000000009071070417062800100100
000000000022357070417063900100100
000000000009195070417065100100100
000000000009013070417065100100100
000000000014151070417070000100100
000000000020064070417070000100100
000000000090071070417070200100100
000000000013064070417070400100100
000000000020660070417071000100100
000000000090106070417072800100100
000000000004023070417072800100100
000000000007077070417073800100100
000000000090014070417074700100100
000000000021542070417074800100100
000000000002000070417075000100100
000000000011356070417075100100100
000000000090144070417080500100100
000000000090082070417080700100100
000000000090010070417081200100100
000000000090078070417081700100100
000000000010019070417081900100100
000000000089034070417083800100100
000000000021203070417084100100100
000000000009015070417084300100100
000000000020720070417085200100100
000000000090185070417085500100100
000000000008092070417090000100100
000000000013404070417090200100100
000000000008197070417090300100100
000000000008260070417090600100100
000000000090026070417090600100100
000000000091035070417092000100100
000000000090058070417092100100100
000000000091046070417094900100100
000000000091046070417094900100100
000000000090010070417101100100100
000000000013443070417103900100100
000000000090091070417105200100100
000000000008198070417111100100100
000000000013404070417113600100100
000000000006042070417114600100100
000000000021036070417120500100100
000000000009071070417122000100100
000000000009013070417125400100100
000000000009195070417125600100100
000000000021317070417125800100100
000000000014151070417130000100100
000000000020064070417130000100100
000000000014152070417130100100100
000000000013064070417131400100100
000000000009086070417131900100100
000000000009086070417131900100100
000000000090106070417132000100100
000000000009014070417132900100100
000000000014601070417133000100100
000000000008197070417133800100100
000000000006063070417134300100100
000000000002000070417135200100100
000000000090014070417135400100100
000000000090034070417135600100100
000000000090144070417140800100100
000000000021542070417141200100100
000000000090078070417141500100100
000000000011356070417141800100100
000000000010003070417143300100100
000000000084025070417143400100100
000000000021224070417143700100100
000000000009015070417145400100100
000000000090185070417145700100100
000000000093019070417145900100100
000000000090082070417151200100100
000000000020720070417152400100100
000000000091035070417153500100100
000000000006084070417153600100100
000000000013108070417153600100100
000000000008071070417154600100100
000000000010208070417155400100100
000000000010019070417161100100100
000000000022468070417161800100100
000000000014426070417161900100100
000000000008198070417164300100100
000000000090091070417164900100100
000000000020883070417165100100100
000000000020065070417165200100100
000000000008187070417165700100100
000000000013065070417170600100100
000000000021036070417180900100100
000000000009014070417183800100100
000000000022348070417184700100100
000000000006042070417191000100100
000000000014152070417191600100100
000000000022433070417191700100100
000000000009086070417191900100100
000000000013613070417194600100100
000000000091053070417195000100100
000000000090034070417201800100100
000000000006063070417202400100100
000000000014601070417202900100100
000000000093019070417205500100100
000000000084025070417210600100100
000000000008071070417213200100100
000000000006084070417214000100100
000000000013108070417214200100100
000000000020883070417214200100100
000000000020275070417215100100100
000000000010208070417220400100100
000000000013065070417230800100100
000000000014426070417230900100100
000000000013064080417071200100100
000000000010019080417083500100100
000000000084025080417084400100100
000000000021036080417113100100100
000000000022348080417124400100100
000000000022433080417131200100100
000000000096049080417131300100100
000000000013064080417131600100100
000000000010019080417144300100100
000000000084025080417150300100100
000000000021036080417173500100100
000000000009071100417062900100100
000000000020064100417064800100100
000000000021175100417065200100100
000000000014151100417065600100100
000000000009013100417065700100100
000000000013064100417065800100100
000000000009195100417070200100100
000000000090106100417071600100100
000000000009014100417072500100100
000000000007077100417073500100100
000000000007077100417073500100100
000000000090071100417073700100100
000000000002000100417073800100100
000000000090014100417074200100100
000000000011356100417074800100100
000000000004023100417075000100100
000000000090082100417075300100100
000000000010019100417075900100100
000000000090078100417080100100100
000000000006014100417080900100100
000000000008187100417081100100100
000000000021542100417081900100100
000000000021203100417082200100100
000000000020720100417082800100100
000000000090026100417082900100100
000000000006042100417084700100100
000000000009015100417085000100100
000000000090185100417085200100100
000000000013404100417085800100100
000000000091035100417085900100100
000000000090144100417090600100100
000000000008092100417091200100100
000000000021317100417094300100100
000000000091046100417094800100100
000000000091046100417094800100100
000000000013443100417103300100100
000000000022468100417104200100100
000000000090091100417105600100100
000000000021037100417111400100100
000000000021037100417111400100100
000000000010003100417114800100100
000000000020660100417120300100100
000000000011399100417125100100100
000000000009013100417125300100100
000000000020064100417125900100100
000000000014151100417125900100100
000000000014152100417130400100100
000000000013064100417130400100100
000000000009195100417130500100100
000000000021175100417130600100100
000000000008198100417130900100100
000000000090106100417131300100100
000000000009086100417131600100100
000000000002000100417133500100100
000000000006063100417134000100100
000000000009014100417134300100100
000000000020661100417135100100100
000000000090034100417135200100100
000000000013613100417135300100100
000000000091053100417135300100100
000000000021542100417135400100100
000000000011356100417135600100100
000000000084025100417140400100100
000000000090078100417140500100100
000000000006014100417140600100100
000000000006064100417142400100100
000000000090082100417144500100100
000000000090014100417145200100100
000000000090185100417145700100100
000000000093019100417145700100100
000000000010019100417150000100100
000000000020720100417150000100100
000000000091035100417150500100100
000000000009015100417150500100100
000000000090058100417151200100100
000000000008092100417151600100100
000000000008071100417152100100100
000000000009071100417152300100100
000000000006084100417153100100100
000000000022348100417153100100100
000000000090144100417153200100100
000000000013108100417153500100100
000000000013404100417154400100100
000000000013065100417160100100100
000000000010208100417160400100100
000000000020065100417160800100100
000000000021224100417160900100100
000000000020883100417165200100100
000000000090091100417165600100100
000000000014426100417165700100100
000000000010208100417171100100100
000000000021037100417171400100100
000000000020275100417173600100100
000000000008198100417185900100100
000000000011399100417190200100100
000000000014152100417191500100100
000000000009086100417192000100100
000000000091053100417194800100100
000000000013613100417195100100100
000000000006063100417200000100100
000000000090034100417200100100100
000000000093019100417200300100100
000000000014601100417200700100100
000000000006064100417202600100100
000000000084025100417210600100100
000000000008071100417213000100100
000000000013108100417213900100100
000000000006084100417214000100100
000000000020883100417224500100100
000000000014426100417230300100100
000000000009071110417063200100100
000000000020064110417064700100100
000000000009013110417064800100100
000000000009195110417065000100100
000000000021224110417065100100100
000000000022357110417065900100100
000000000013064110417070400100100
000000000021175110417070500100100
000000000022433110417070900100100
000000000020279110417071900100100
000000000009014110417072500100100
000000000090106110417072800100100
000000000007077110417074000100100
000000000011356110417074500100100
000000000004023110417074700100100
000000000090082110417075000100100
000000000010019110417080400100100
000000000090078110417081000100100
000000000022343110417081200100100
000000000014151110417082100100100
000000000090144110417083000100100
000000000021542110417083200100100
000000000089034110417083900100100
000000000008092110417084300100100
000000000020720110417084700100100
000000000091046110417085500100100
000000000006014110417085500100100
000000000009015110417085700100100
000000000091035110417091200100100
000000000091035110417091200100100
000000000090185110417093200100100
000000000013404110417095500100100
000000000090058110417101300100100
000000000021203110417103000100100
000000000096007110417104500100100
000000000021037110417104700100100
000000000090091110417104700100100
000000000010003110417110400100100
000000000021036110417120000100100
000000000090034110417120200100100
000000000008198110417121000100100
000000000006042110417123200100100
000000000090010110417123300100100
000000000008187110417123800100100
000000000009013110417124100100100
000000000011399110417124800100100
000000000020064110417125200100100
000000000009195110417125300100100
000000000021175110417125700100100
000000000014152110417130500100100
000000000090106110417131800100100
000000000090026110417132600100100
000000000008260110417132600100100
000000000013064110417133300100100
000000000009014110417133400100100
000000000006063110417133700100100
000000000084025110417133700100100
000000000020279110417134300100100
000000000013613110417134800100100
000000000021542110417135400100100
000000000013690110417135400100100
000000000011356110417135600100100
000000000091053110417140500100100
000000000090078110417141800100100
000000000009071110417142600100100
000000000006064110417143500100100
000000000090144110417143900100100
000000000010208110417144000100100
000000000009015110417144800100100
000000000009086110417145600100100
000000000020720110417145700100100
000000000010019110417150800100100
000000000006014110417151900100100
000000000020065110417151900100100
000000000014151110417152400100100
000000000008092110417152600100100
000000000006084110417152900100100
000000000013108110417152900100100
000000000090082110417153300100100
000000000022348110417153300100100
000000000091035110417153400100100
000000000090185110417153600100100
000000000013404110417163000100100
000000000008071110417165500100100
000000000090091110417165600100100
000000000013065110417170300100100
000000000021037110417170400100100
000000000021036110417180000100100
000000000020661110417183100100100
000000000020883110417183300100100
000000000008198110417185000100100
000000000011399110417190300100100
000000000014152110417190600100100
000000000006042110417193100100100
000000000091053110417195100100100
000000000013613110417195100100100
000000000090034110417200800100100
000000000013690110417201600100100
000000000090010110417201800100100
000000000090010110417201800100100
000000000006064110417203200100100
000000000084025110417210600100100
000000000009086110417211800100100
000000000020275110417212800100100
000000000006084110417213400100100
000000000013108110417213400100100
000000000008071110417213600100100
000000000006063110417221000100100
000000000013065110417230400100100
000000000090010120417063600100100
000000000009071120417063900100100
000000000020064120417065100100100
000000000013519120417065700100100
000000000009195120417065900100100
000000000009013120417070000100100
000000000014151120417070300100100
000000000022357120417070400100100
000000000021175120417070700100100
000000000013064120417071200100100
000000000007077120417073100100100
000000000090106120417073100100100
000000000009014120417073400100100
000000000020279120417074400100100
000000000090082120417081100100100
000000000090144120417082700100100
000000000090078120417084200100100
000000000020720120417084500100100
000000000090014120417084500100100
000000000011356120417084600100100
000000000090185120417084600100100
000000000021542120417084700100100
000000000006014120417084800100100
000000000008092120417090900100100
000000000021203120417090900100100
000000000090058120417090900100100
000000000009015120417091300100100
000000000091035120417092200100100
000000000006064120417101400100100
000000000090091120417104300100100
000000000004023120417110100100100
000000000010019120417110200100100
000000000021037120417111400100100
000000000089034120417113600100100
000000000008260120417114600100100
000000000091046120417115700100100
000000000091046120417115700100100
000000000013690120417123000100100
000000000008198120417123500100100
000000000006042120417124200100100
000000000009013120417124400100100
000000000011399120417124700100100
000000000021542120417125500100100
000000000014601120417125800100100
000000000009195120417130000100100
000000000020064120417130300100100
000000000014151120417130300100100
000000000009086120417130400100100
000000000014152120417130400100100
000000000021175120417130600100100
000000000013064120417131100100100
000000000090106120417133200100100
000000000084025120417134000100100
000000000020279120417135100100100
000000000009014120417140000100100
000000000013613120417141700100100
000000000090034120417142100100100
000000000090082120417142400100100
000000000090078120417142700100100
000000000090026120417144600100100
000000000090185120417144800100100
000000000020720120417145000100100
000000000011356120417145300100100
000000000090014120417145500100100
000000000093019120417145700100100
000000000006014120417145800100100
000000000008092120417150000100100
000000000090144120417151000100100
000000000009015120417151900100100
000000000091035120417152000100100
000000000006063120417152100100100
000000000008071120417153100100100
000000000013108120417153300100100
000000000020275120417155100100100
000000000006084120417155600100100
000000000020661120417160600100100
000000000006064120417163600100100
000000000009071120417163800100100
000000000090091120417165300100100
000000000090091120417165300100100
000000000013065120417170600100100
000000000021037120417171100100100
000000000020065120417171500100100
000000000014601120417180600100100
000000000013690120417184500100100
000000000008198120417185400100100
000000000011399120417185700100100
000000000022433120417190500100100
000000000010019120417191600100100
000000000014152120417192900100100
000000000006042120417193300100100
000000000096007120417193400100100
000000000009086120417194400100100
000000000013613120417194800100100
000000000090010120417200200100100
000000000022343120417205000100100
000000000084025120417210500100100
000000000093019120417212500100100
000000000006084120417214200100100
000000000006063120417220200100100
000000000090034120417221200100100
000000000008071120417221200100100
000000000013065120417230600100100
000000000009071130417062100100100
000000000009195130417064600100100
000000000020064130417064800100100
000000000090014130417065500100100
000000000009013130417065900100100
000000000014151130417070600100100
000000000021175130417070900100100
000000000013064130417071700100100
000000000020279130417072100100100
000000000021317130417073700100100
000000000021317130417073700100100
000000000007077130417074000100100
000000000011356130417074300100100
000000000010019130417074300100100
000000000013519130417074900100100
000000000090082130417080200100100
000000000090078130417081400100100
000000000090144130417081500100100
000000000009014130417082800100100
000000000006014130417084200100100
000000000090106130417084900100100
000000000091035130417085900100100
000000000090058130417090000100100
000000000090010130417090800100100
000000000008260130417091900100100
000000000090026130417091900100100
000000000008092130417091900100100
000000000008092130417091900100100
000000000089034130417094000100100
000000000096007130417094900100100
000000000091046130417102500100100
000000000006064130417103000100100
000000000013404130417103300100100
000000000090091130417104100100100
000000000021037130417110800100100
000000000010003130417114100100100
000000000021036130417115900100100
000000000090106130417122500100100
000000000006042130417123100100100
000000000009086130417123500100100
000000000008198130417123900100100
000000000090010130417124000100100
000000000090010130417124000100100
000000000009013130417125300100100
000000000009195130417125400100100
000000000090014130417125800100100
000000000020064130417130100100100
000000000011399130417130700100100
000000000021175130417131200100100
000000000021203130417131300100100
000000000009071130417131600100100
000000000013064130417131700100100
000000000014151130417132000100100
000000000090034130417132200100100
000000000014152130417134900100100
000000000091053130417135200100100
000000000013613130417135300100100
000000000090185130417135300100100
000000000084025130417135300100100
000000000093019130417140200100100
000000000014601130417140700100100
000000000090082130417141700100100
000000000090078130417141900100100
000000000090144130417141900100100
000000000009014130417144000100100
000000000020279130417144400100100
000000000006063130417144900100100
000000000006014130417145400100100
000000000090106130417150300100100
000000000091035130417151900100100
000000000008071130417152900100100
000000000006084130417154100100100
000000000020065130417161800100100
000000000006064130417163300100100
000000000020883130417164300100100
000000000013404130417164600100100
000000000090091130417165000100100
000000000013065130417165800100100
000000000021037130417170400100100
000000000010019130417174600100100
000000000021036130417180600100100
000000000021036130417180600100100
000000000020661130417181900100100
000000000009086130417183100100100
000000000008198130417185200100100
000000000011399130417190400100100
000000000011399130417190400100100
000000000006042130417190800100100
000000000022433130417191200100100
000000000022433130417191200100100
000000000022433130417191200100100
000000000022468130417191400100100
000000000090185130417194700100100
000000000091053130417194800100100
000000000014601130417200000100100
000000000090034130417200200100100
000000000006063130417201500100100
000000000013613130417201600100100
000000000093019130417203500100100
000000000084025130417210300100100
000000000013108130417211300100100
000000000008071130417213400100100
000000000006084130417214500100100
000000000020275130417215800100100
000000000020883130417224000100100
000000000013065130417230800100100
000000000009071150417112300100100
000000000009071170417063100100100
000000000020064170417064800100100
000000000009013170417065300100100
000000000002000170417065500100100
000000000009195170417065900100100
000000000096049170417070500100100
000000000014151170417070800100100
000000000090106170417073000100100
000000000007077170417073900100100
000000000004023170417074400100100
000000000090082170417075700100100
000000000013443170417075700100100
000000000090014170417075800100100
000000000021542170417075900100100
000000000011356170417075900100100
000000000090078170417080700100100
000000000008187170417080800100100
000000000021203170417082000100100
000000000006014170417082200100100
000000000020720170417083800100100
000000000090185170417084900100100
000000000009012170417085000100100
000000000090144170417085900100100
000000000009015170417090000100100
000000000091035170417090100100100
000000000008092170417090200100100
000000000090106170417090900100100
000000000020279170417091600100100
000000000090026170417092200100100
000000000008260170417092200100100
000000000090058170417093600100100
000000000091046170417095300100100
000000000009014170417100500100100
000000000022468170417102400100100
000000000021037170417103800100100
000000000090091170417104900100100
000000000010003170417105000100100
000000000008198170417112500100100
000000000021036170417115700100100
000000000021036170417115700100100
000000000021036170417115700100100
000000000021036170417115700100100
000000000021036170417115700100100
000000000021036170417115700100100
000000000021036170417115800100100
000000000006042170417123400100100
000000000090010170417123600100100
000000000009013170417124100100100
000000000011399170417125400100100
000000000002000170417125800100100
000000000009195170417130500100100
000000000020064170417131100100100
000000000014151170417131200100100
000000000014152170417131700100100
000000000009086170417132600100100
000000000020660170417133900100100
000000000020660170417133900100100
000000000013613170417134300100100
000000000091053170417134400100100
000000000006063170417134500100100
000000000006014170417135200100100
000000000084025170417135800100100
000000000021542170417135900100100
000000000014601170417140200100100
000000000014601170417140300100100
000000000011356170417140600100100
000000000090014170417141800100100
000000000090082170417142100100100
000000000009071170417142200100100
000000000090078170417142300100100
000000000020720170417142700100100
000000000090185170417145000100100
000000000093019170417145600100100
000000000006084170417145800100100
000000000020661170417145800100100
000000000090144170417150700100100
000000000008092170417151300100100
000000000009015170417151500100100
000000000006064170417151600100100
000000000021203170417151800100100
000000000020279170417152300100100
000000000008071170417152800100100
000000000022348170417153300100100
000000000091035170417153600100100
000000000013108170417154200100100
000000000021224170417155000100100
000000000020275170417155100100100
000000000009014170417160700100100
000000000020065170417160800100100
000000000020883170417163600100100
000000000021037170417165000100100
000000000090091170417170100100100
000000000008198170417175100100100
000000000021036170417180600100100
000000000090010170417181000100100
000000000006042170417185700100100
000000000011399170417190300100100
000000000009086170417192300100100
000000000014152170417194100100100
000000000013613170417194600100100
000000000091053170417194800100100
000000000006063170417195900100100
000000000014601170417201000100100
000000000093019170417205700100100
000000000084025170417210200100100
000000000006064170417213000100100
000000000008071170417213300100100
000000000006084170417214000100100
000000000013108170417214300100100
000000000020883170417223300100100
000000000014426170417230300100100
000000000009071180417062900100100
000000000002000180417063400100100
000000000020064180417064600100100
000000000009195180417064800100100
000000000022357180417065300100100
000000000022433180417071000100100
000000000009013180417071300100100
000000000020279180417071500100100
000000000090106180417072500100100
000000000009014180417073000100100
000000000008187180417073000100100
000000000020065180417073200100100
000000000007077180417073500100100
000000000021542180417074400100100
000000000090144180417075000100100
000000000004023180417075000100100
000000000090014180417075600100100
000000000021203180417075700100100
000000000021224180417075900100100
000000000090082180417080800100100
000000000011356180417081000100100
000000000006014180417083000100100
000000000090078180417083900100100
000000000096007180417085500100100
000000000013404180417090100100100
000000000089034180417090300100100
000000000090010180417090300100100
000000000008092180417090600100100
000000000091035180417091300100100
000000000091046180417094900100100
000000000090026180417100100100100
000000000008260180417100200100100
000000000022343180417101200100100
000000000090091180417103000100100
000000000020883180417104400100100
000000000014151180417104500100100
000000000021037180417110000100100
000000000009012180417110700100100
000000000010003180417113900100100
000000000021036180417115800100100
000000000006042180417123100100100
000000000008198180417123100100100
000000000002000180417123600100100
000000000011399180417124400100100
000000000009195180417125300100100
000000000020064180417125700100100
000000000014152180417125900100100
000000000009013180417130300100100
000000000014151180417130700100100
000000000014601180417131600100100
000000000090106180417132500100100
000000000084025180417133700100100
000000000090034180417134500100100
000000000009014180417135000100100
000000000091053180417135000100100
000000000013613180417135000100100
000000000090185180417135000100100
000000000013443180417135100100100
000000000021542180417135900100100
000000000090014180417140400100100
000000000021203180417140800100100
000000000010019180417141300100100
000000000020279180417141600100100
000000000090144180417142600100100
000000000009071180417142700100100
000000000013690180417142700100100
000000000011356180417142900100100
000000000020720180417143800100100
000000000090078180417143900100100
000000000006014180417144400100100
000000000090082180417145300100100
000000000093019180417150400100100
000000000093019180417150400100100
000000000093019180417150400100100
000000000008092180417150600100100
000000000013404180417150700100100
000000000008071180417152000100100
000000000022348180417153000100100
000000000006084180417153500100100
000000000091035180417154000100100
000000000020275180417154400100100
000000000013108180417155700100100
000000000006064180417165400100100
000000000021037180417165800100100
000000000090091180417165900100100
000000000013065180417170300100100
000000000014426180417170700100100
000000000008187180417175400100100
000000000021036180417180400100100
000000000006042180417183400100100
000000000008198180417184000100100
000000000020661180417185000100100
000000000011399180417185700100100
000000000014152180417190700100100
000000000014601180417192300100100
000000000006063180417192500100100
000000000090010180417194400100100
000000000013613180417194600100100
000000000090185180417194700100100
000000000091053180417194700100100
000000000090034180417200100100100
000000000013690180417203200100100
000000000010019180417204500100100
000000000020883180417210000100100
000000000084025180417210100100100
000000000093019180417210100100100
000000000008071180417212900100100
000000000006064180417212900100100
000000000006084180417213500100100
000000000013108180417220800100100
000000000014426180417230000100100
000000000013065180417230000100100
000000000009071190417062900100100
000000000002000190417063400100100
000000000020064190417064800100100
000000000009195190417064900100100
000000000022357190417065900100100
000000000020279190417070200100100
000000000014151190417070500100100
000000000090106190417071900100100
000000000004023190417072500100100
000000000007077190417073400100100
000000000090071190417073800100100
000000000009014190417073900100100
000000000090014190417074500100100
000000000011356190417075000100100
000000000009017190417080100100100
000000000090058190417080300100100
000000000090078190417082700100100
000000000091035190417082900100100
000000000006014190417083900100100
000000000020720190417084100100100
000000000090082190417084700100100
000000000090185190417084900100100
000000000009015190417085200100100
000000000008092190417085600100100
000000000090010190417090300100100
000000000090144190417091900100100
000000000013404190417092100100100
000000000021203190417095000100100
000000000096007190417095400100100
000000000009013190417100700100100
000000000091046190417102000100100
000000000008260190417105200100100
000000000013443190417105300100100
000000000021037190417110200100100
000000000006064190417111600100100
000000000090091190417111900100100
000000000010003190417112100100100
000000000008198190417113700100100
000000000008187190417115600100100
000000000021036190417120000100100
000000000002000190417124500100100
000000000009195190417125300100100
000000000014152190417125700100100
000000000020064190417125800100100
000000000014151190417130000100100
000000000020279190417130200100100
000000000011399190417130600100100
000000000090106190417130700100100
000000000009086190417131100100100
000000000089034190417132700100100
000000000090014190417134800100100
000000000091053190417135300100100
000000000013613190417135300100100
000000000084025190417135300100100
000000000010019190417135800100100
000000000006063190417135800100100
000000000011356190417135900100100
000000000009017190417140300100100
000000000021203190417140600100100
000000000009014190417140900100100
000000000090034190417141100100100
000000000013690190417141700100100
000000000090078190417142700100100
000000000090026190417142800100100
000000000091035190417143600100100
000000000006014190417144500100100
000000000090185190417145200100100
000000000009071190417145300100100
000000000009015190417145300100100
000000000093019190417145500100100
000000000020720190417150400100100
000000000020275190417151200100100
000000000090144190417152000100100
000000000090082190417152200100100
000000000006084190417152700100100
000000000013108190417152700100100
000000000013404190417153100100100
000000000008071190417153200100100
000000000009013190417160700100100
000000000020065190417162200100100
000000000014426190417162900100100
000000000020883190417165200100100
000000000090091190417165400100100
000000000021037190417170600100100
000000000013065190417170800100100
000000000006064190417172200100100
000000000021036190417181000100100
000000000020661190417183600100100
000000000008198190417185200100100
000000000022343190417185900100100
000000000011399190417190200100100
000000000022433190417190700100100
000000000014152190417192100100100
000000000009086190417192500100100
000000000096007190417193100100100
000000000091053190417194900100100
000000000013613190417195100100100
000000000090010190417195300100100
000000000006063190417200600100100
000000000014601190417201700100100
000000000013690190417201700100100
000000000090034190417201900100100
000000000093019190417205200100100
000000000020660190417205700100100
000000000020660190417205700100100
000000000010019190417210000100100
000000000084025190417210500100100
000000000008071190417212900100100
000000000013108190417213000100100
000000000006084190417213800100100
000000000020883190417223200100100
000000000013065190417230900100100
000000000009071200417063600100100
000000000020064200417063900100100
000000000009013200417064900100100
000000000009195200417065600100100
000000000020279200417065900100100
000000000014151200417070200100100
000000000090071200417071700100100
000000000004023200417073000100100
000000000007077200417073700100100
000000000090014200417074200100100
000000000021542200417074300100100
000000000021317200417074500100100
000000000011356200417074800100100
000000000008187200417075800100100
000000000009017200417075900100100
000000000090082200417080900100100
000000000020720200417081000100100
000000000090026200417082200100100
000000000008260200417082200100100
000000000090078200417082300100100
000000000090078200417082300100100
000000000090106200417082800100100
000000000010019200417083100100100
000000000090144200417084000100100
000000000009014200417085000100100
000000000006014200417085300100100
000000000009015200417085300100100
000000000091035200417090600100100
000000000090010200417091600100100
000000000089034200417092500100100
000000000090058200417093300100100
000000000009012200417093300100100
000000000096007200417093800100100
000000000013404200417095000100100
000000000006064200417101400100100
000000000091046200417102300100100
000000000091046200417102300100100
000000000090091200417105200100100
000000000021037200417110300100100
000000000021203200417113800100100
000000000010003200417114000100100
000000000021036200417120000100100
000000000009071200417120000100100
000000000090010200417120000100100
000000000020064200417124300100100
000000000011399200417124800100100
000000000009086200417125800100100
000000000014152200417125900100100
000000000014151200417130100100100
000000000009013200417130100100100
000000000009195200417130100100100
000000000013443200417130700100100
000000000090034200417132500100100
000000000014601200417133500100100
000000000006042200417133900100100
000000000006063200417134100100100
000000000090185200417134400100100
000000000013613200417134400100100
000000000091053200417134700100100
000000000021542200417134800100100
000000000090014200417135200100100
000000000009017200417135600100100
000000000093019200417140300100100
000000000013690200417141100100100
000000000020720200417141400100100
000000000090078200417143600100100
000000000090078200417143700100100
000000000090144200417144100100100
000000000090082200417144200100100
000000000009014200417145000100100
000000000009015200417145300100100
000000000011356200417145900100100
000000000006014200417151200100100
000000000091035200417152600100100
000000000008071200417152700100100
000000000013404200417153400100100
000000000013108200417154800100100
000000000020065200417161800100100
000000000006064200417162000100100
000000000006084200417163200100100
000000000090091200417165200100100
000000000020883200417165400100100
000000000090106200417170200100100
000000000021037200417170200100100
000000000013065200417171300100100
000000000013065200417171400100100
000000000014426200417171500100100
000000000020279200417172800100100
000000000010019200417173300100100
000000000021036200417180200100100
000000000020661200417183400100100
000000000022468200417185800100100
000000000014152200417190300100100
000000000011399200417190400100100
000000000022433200417190700100100
000000000006042200417190800100100
000000000009086200417191100100100
000000000013613200417194600100100
000000000090185200417194600100100
000000000091053200417194700100100
000000000090034200417195400100100
000000000093019200417200500100100
000000000013690200417201700100100
000000000006063200417202100100100
000000000014601200417202900100100
000000000008071200417212700100100
000000000006084200417213500100100
000000000013108200417215100100100
000000000020275200417220700100100
000000000020883200417220900100100
000000000014426200417230000100100
000000000013065200417231500100100
000000000009071240417063500100100
000000000020064240417064500100100
000000000014151240417070000100100
000000000009013240417070200100100
000000000009195240417070700100100
000000000020065240417071200100100
000000000090071240417071400100100
000000000020279240417073300100100
000000000007077240417073400100100
000000000002000240417073700100100
000000000090106240417074100100100
000000000090010240417074500100100
000000000090014240417074600100100
000000000013064240417074900100100
000000000008187240417075200100100
000000000021542240417080400100100
000000000009017240417080600100100
000000000090082240417080600100100
000000000010019240417080800100100
000000000090078240417082300100100
000000000011356240417082300100100
000000000020720240417082500100100
000000000090185240417085000100100
000000000009014240417085500100100
000000000009015240417085500100100
000000000091035240417090000100100
000000000090058240417090800100100
000000000090144240417092000100100
000000000009012240417092300100100
000000000008092240417092500100100
000000000090026240417094400100100
000000000008260240417094400100100
000000000013443240417103100100100
000000000022468240417103400100100
000000000090091240417104100100100
000000000021037240417110500100100
000000000008198240417111200100100
000000000021036240417122400100100
000000000020660240417123000100100
000000000020064240417124700100100
000000000011399240417124900100100
000000000009013240417125800100100
000000000014601240417130300100100
000000000090106240417131000100100
000000000006042240417131200100100
000000000009086240417131200100100
000000000009195240417132100100100
000000000014152240417132900100100
000000000013613240417132900100100
000000000009071240417133200100100
000000000002000240417133200100100
000000000014151240417133600100100
000000000091053240417135400100100
000000000090034240417135500100100
000000000021542240417135800100100
000000000084025240417135900100100
000000000009017240417140800100100
000000000010019240417141300100100
000000000020720240417141700100100
000000000013064240417142200100100
000000000090078240417142900100100
000000000090082240417142900100100
000000000011356240417143100100100
000000000090014240417145100100100
000000000093019240417145200100100
000000000090185240417145500100100
000000000009015240417145600100100
000000000008092240417150400100100
000000000008092240417150400100100
000000000009014240417150900100100
000000000006064240417153300100100
000000000090144240417153700100100
000000000006084240417154000100100
000000000091035240417154100100100
000000000022348240417154500100100
000000000013108240417154800100100
000000000008071240417155500100100
000000000020275240417160200100100
000000000021224240417161000100100
000000000020883240417163700100100
000000000090091240417170000100100
000000000013065240417170200100100
000000000021037240417170400100100
000000000004023240417170900100100
000000000021036240417180800100100
000000000008198240417184800100100
000000000014601240417185400100100
000000000011399240417190100100100
000000000009086240417190700100100
000000000006042240417191600100100
000000000014152240417192000100100
000000000091053240417195000100100
000000000013613240417195200100100
000000000090034240417201400100100
000000000093019240417210600100100
000000000084025240417210800100100
000000000006064240417213400100100
000000000008071240417213400100100
000000000006084240417214100100100
000000000013108240417214800100100
000000000013065240417230300100100
000000000020883240417230400100100
000000000009071250417062400100100
000000000002000250417063700100100
000000000022357250417064400100100
000000000021224250417064700100100
000000000020064250417064800100100
000000000009195250417070000100100
000000000014151250417070200100100
000000000022433250417070800100100
000000000022433250417070800100100
000000000090071250417072000100100
000000000020279250417072500100100
000000000007077250417073600100100
000000000090014250417074000100100
000000000021542250417074100100100
000000000013064250417080100100100
000000000090082250417080200100100
000000000011356250417080500100100
000000000009017250417082400100100
000000000010019250417083200100100
000000000090078250417083500100100
000000000009015250417084000100100
000000000020720250417084100100100
000000000089034250417084100100100
000000000090026250417084900100100
000000000008260250417084900100100
000000000090144250417085200100100
000000000090144250417085300100100
000000000008092250417090800100100
000000000008092250417090800100100
000000000091035250417091800100100
000000000090058250417092800100100
000000000009012250417094900100100
000000000091046250417101000100100
000000000009014250417101400100100
000000000013443250417101900100100
000000000090091250417104800100100
000000000021037250417105900100100
000000000010003250417110100100100
000000000021036250417120700100100
000000000006042250417123200100100
000000000002000250417125200100100
000000000011399250417125500100100
000000000020064250417125500100100
000000000009086250417125800100100
000000000014152250417130300100100
000000000009195250417131000100100
000000000013613250417133900100100
000000000090185250417133900100100
000000000020279250417133900100100
000000000014151250417134000100100
000000000091053250417134100100100
000000000090014250417134300100100
000000000013690250417135400100100
000000000084025250417135500100100
000000000021542250417135700100100
000000000013064250417141700100100
000000000014601250417141800100100
000000000009017250417142600100100
000000000011356250417143500100100
000000000090078250417143700100100
000000000009015250417144400100100
000000000010019250417144400100100
000000000090144250417145700100100
000000000093019250417150600100100
000000000008092250417150800100100
000000000009071250417150900100100
000000000090082250417150900100100
000000000006064250417151300100100
000000000008071250417151900100100
000000000091035250417152800100100
000000000006084250417152900100100
000000000013108250417152900100100
000000000022348250417154700100100
000000000009014250417161600100100
000000000020883250417162700100100
000000000014426250417165200100100
000000000090091250417165500100100
000000000013065250417170300100100
000000000020065250417170400100100
000000000021037250417170600100100
000000000021037250417170600100100
000000000020275250417174600100100
000000000021036250417181300100100
000000000011399250417190200100100
000000000006042250417190800100100
000000000014152250417192100100100
000000000009086250417194200100100
000000000013613250417194900100100
000000000091053250417194900100100
000000000090185250417194900100100
000000000013690250417195400100100
000000000090034250417195800100100
000000000014601250417202600100100
000000000093019250417210200100100
000000000084025250417210600100100
000000000006064250417212400100100
000000000008071250417213100100100
000000000006084250417214000100100
000000000013108250417220100100100
000000000020883250417230000100100
000000000014426250417230100100100
000000000013065250417230200100100
000000000013065250417230200100100
000000000009071260417062700100100
000000000020064260417064800100100
000000000002000260417064800100100
000000000009195260417065800100100
000000000014151260417070000100100
000000000013519260417070100100100
000000000013519260417070100100100
000000000022357260417070300100100
000000000020279260417071300100100
000000000090106260417072100100100
000000000020065260417072800100100
000000000090071260417073200100100
000000000007077260417073800100100
000000000090014260417074300100100
000000000011356260417074400100100
000000000021542260417074400100100
000000000013064260417075400100100
000000000090144260417075600100100
000000000008187260417075600100100
000000000090082260417080000100100
000000000090078260417082600100100
000000000091035260417084700100100
000000000096007260417084700100100
000000000090185260417085000100100
000000000020720260417085000100100
000000000009017260417085000100100
000000000009015260417090000100100
000000000009014260417090400100100
000000000008198260417092300100100
000000000090058260417092600100100
000000000010019260417093000100100
000000000008092260417094400100100
000000000089034260417094500100100
000000000013443260417102300100100
000000000090091260417105500100100
000000000010003260417105600100100
000000000021037260417110600100100
000000000009012260417112500100100
000000000091046260417113100100100
000000000008260260417114000100100
000000000006064260417114400100100
000000000021036260417120600100100
000000000021036260417120600100100
000000000006042260417123600100100
000000000002000260417124800100100
000000000020064260417124900100100
000000000009086260417125100100100
000000000009195260417125800100100
000000000014152260417125800100100
000000000011399260417130400100100
000000000014151260417132500100100
000000000020279260417132700100100
000000000084025260417133200100100
000000000013690260417133300100100
000000000014601260417133300100100
000000000090106260417133300100100
000000000013613260417134200100100
000000000091053260417134200100100
000000000021542260417135600100100
000000000013064260417140400100100
000000000090014260417140500100100
000000000090144260417140700100100
000000000090034260417142100100100
000000000009071260417142300100100
000000000008092260417142400100100
000000000011356260417142600100100
000000000090078260417143200100100
000000000090082260417143200100100
000000000020720260417144300100100
000000000009017260417144400100100
000000000090026260417145000100100
000000000009015260417145200100100
000000000091035260417150700100100
000000000009014260417151000100100
000000000093019260417151500100100
000000000090185260417151800100100
000000000008071260417152000100100
000000000006084260417152700100100
000000000013108260417153000100100
000000000010019260417154000100100
000000000008198260417154500100100
000000000020661260417155500100100
000000000020883260417160700100100
000000000090091260417165500100100
000000000013065260417165900100100
000000000014426260417170100100100
000000000021037260417170400100100
000000000021037260417170400100100
000000000020275260417170700100100
000000000022343260417170900100100
000000000004023260417173700100100
000000000006064260417175100100100
000000000006064260417175100100100
000000000022433260417180600100100
000000000021036260417180700100100
000000000006042260417185100100100
000000000014152260417190200100100
000000000011399260417190400100100
000000000009086260417191500100100
000000000009086260417192000100100
000000000013690260417192800100100
000000000013613260417194900100100
000000000091053260417195000100100
000000000090034260417201200100100
000000000014601260417201800100100
000000000093019260417202000100100
000000000084025260417210500100100
000000000006084260417213000100100
000000000013108260417213100100100
000000000008071260417213300100100
000000000013065260417230000100100
000000000014426260417230000100100
000000000020883260417230100100100
000000000009071270417062800100100
000000000009195270417063900100100
000000000020064270417065200100100
000000000021317270417065800100100
000000000014151270417065800100100
000000000090071270417071100100100
000000000090106270417072300100100
000000000020279270417072600100100
000000000009014270417073300100100
000000000007077270417073600100100
000000000004023270417074900100100
000000000011356270417075200100100
000000000090014270417075300100100
000000000009017270417080100100100
000000000090082270417080500100100
000000000013064270417081200100100
000000000010019270417082300100100
000000000090144270417082600100100
000000000020720270417082700100100
000000000021542270417082700100100
000000000090078270417083300100100
000000000089034270417083900100100
000000000096007270417084200100100
000000000090026270417085600100100
000000000008260270417085600100100
000000000009015270417090600100100
000000000009012270417090800100100
000000000091035270417091300100100
000000000090058270417092300100100
000000000010003270417100900100100
000000000091046270417102100100100
000000000090034270417102600100100
000000000013443270417104800100100
000000000090091270417105300100100
000000000021037270417110500100100
000000000008198270417111300100100
000000000006042270417124100100100
000000000009195270417124800100100
000000000011399270417124800100100
000000000020064270417125600100100
000000000014152270417125800100100
000000000009086270417130300100100
000000000014151270417130300100100
000000000009071270417130700100100
000000000090106270417131700100100
000000000084025270417132300100100
000000000091053270417132900100100
000000000014601270417133000100100
000000000009014270417134000100100
000000000020279270417134200100100
000000000013613270417134300100100
000000000090185270417134300100100
000000000090014270417135300100100
000000000021542270417135600100100
000000000009017270417141200100100
000000000013064270417142000100100
000000000011356270417143400100100
000000000020720270417143500100100
000000000006084270417143900100100
000000000090078270417144000100100
000000000090144270417144600100100
000000000013690270417145700100100
000000000009015270417150500100100
000000000020065270417150700100100
000000000090082270417151200100100
000000000008071270417151800100100
000000000091035270417152800100100
000000000093019270417152900100100
000000000013108270417153800100100
000000000020275270417163300100100
000000000090091270417164800100100
000000000013065270417165800100100
000000000021037270417170400100100
000000000021037270417170400100100
000000000022468270417181800100100
000000000008198270417183600100100
000000000022433270417184100100100
000000000010019270417184800100100
000000000013519270417185200100100
000000000022343270417185500100100
000000000014601270417185600100100
000000000009086270417190000100100
000000000014152270417190000100100
000000000014152270417190000100100
000000000006042270417190000100100
000000000011399270417190300100100
000000000090185270417194300100100
000000000013613270417194500100100
000000000091053270417194600100100
000000000090010270417195500100100
000000000090010270417195500100100
000000000090034270417200900100100
000000000093019270417203900100100
000000000084025270417205600100100
000000000013690270417205900100100
000000000008071270417212900100100
000000000006084270417213000100100
000000000013108270417214000100100
000000000013065270417230300100100
000000000021037290417065500100100
000000000009071290417082200100100
000000000020279290417085200100100
000000000021175290417105000100100
000000000022348290417125100100100
000000000022433290417130400100100
000000000021037290417130500100100
000000000006064290417131800100100
000000000020279290417151400100100
000000000021175290417170900100100
000000000006064290417172400100100
